kappa[1] 1 5000
kappa[2] 5001 10000
kappa[3] 10001 15000
kappa[4] 15001 20000
kappa[5] 20001 25000
kappa[6] 25001 30000
kappa[7] 30001 35000
kappa[8] 35001 40000
kappa[9] 40001 45000
kappa[10] 45001 50000
kappa[11] 50001 55000
kappa[12] 55001 60000
kappa[13] 60001 65000
kappa[14] 65001 70000
kappa[15] 70001 75000
kappa[16] 75001 80000
kappa[17] 80001 85000
kappa[18] 85001 90000
kappa[19] 90001 95000
kappa[20] 95001 100000
kappa[21] 100001 105000
kappa[22] 105001 110000
kappa[23] 110001 115000
kappa[24] 115001 120000
kappa[25] 120001 125000
tau[1] 125001 130000
tau[2] 130001 135000
tau[3] 135001 140000
tau[4] 140001 145000
tau[5] 145001 150000
tau[6] 150001 155000
tau[7] 155001 160000
tau[8] 160001 165000
tau[9] 165001 170000
tau[10] 170001 175000
tau[11] 175001 180000
tau[12] 180001 185000
tau[13] 185001 190000
tau[14] 190001 195000
tau[15] 195001 200000
tau[16] 200001 205000
tau[17] 205001 210000
tau[18] 210001 215000
tau[19] 215001 220000
tau[20] 220001 225000
tau[21] 225001 230000
tau[22] 230001 235000
tau[23] 235001 240000
tau[24] 240001 245000
tau[25] 245001 250000
w[1] 250001 255000
w[2] 255001 260000
w[3] 260001 265000
w[4] 265001 270000
w[5] 270001 275000
w[6] 275001 280000
w[7] 280001 285000
w[8] 285001 290000
w[9] 290001 295000
w[10] 295001 300000
w[11] 300001 305000
w[12] 305001 310000
w[13] 310001 315000
w[14] 315001 320000
w[15] 320001 325000
w[16] 325001 330000
w[17] 330001 335000
w[18] 335001 340000
w[19] 340001 345000
w[20] 345001 350000
w[21] 350001 355000
w[22] 355001 360000
w[23] 360001 365000
w[24] 365001 370000
w[25] 370001 375000
