gamma[1] 1 5000
gamma[2] 5001 10000
gamma[3] 10001 15000
gamma[4] 15001 20000
gamma[5] 20001 25000
gamma[6] 25001 30000
gamma[7] 30001 35000
gamma[8] 35001 40000
gamma[9] 40001 45000
gamma[10] 45001 50000
gamma[11] 50001 55000
gamma[12] 55001 60000
gamma[13] 60001 65000
gamma[14] 65001 70000
gamma[15] 70001 75000
gamma[16] 75001 80000
gamma[17] 80001 85000
gamma[18] 85001 90000
gamma[19] 90001 95000
gamma[20] 95001 100000
gamma[21] 100001 105000
gamma[22] 105001 110000
gamma[23] 110001 115000
gamma[24] 115001 120000
gamma[25] 120001 125000
tau[1] 125001 130000
tau[2] 130001 135000
tau[3] 135001 140000
tau[4] 140001 145000
tau[5] 145001 150000
tau[6] 150001 155000
tau[7] 155001 160000
tau[8] 160001 165000
tau[9] 165001 170000
tau[10] 170001 175000
tau[11] 175001 180000
tau[12] 180001 185000
tau[13] 185001 190000
tau[14] 190001 195000
tau[15] 195001 200000
tau[16] 200001 205000
tau[17] 205001 210000
tau[18] 210001 215000
tau[19] 215001 220000
tau[20] 220001 225000
tau[21] 225001 230000
tau[22] 230001 235000
tau[23] 235001 240000
tau[24] 240001 245000
tau[25] 245001 250000
kappa[1] 250001 255000
kappa[2] 255001 260000
kappa[3] 260001 265000
kappa[4] 265001 270000
kappa[5] 270001 275000
kappa[6] 275001 280000
kappa[7] 280001 285000
kappa[8] 285001 290000
kappa[9] 290001 295000
kappa[10] 295001 300000
kappa[11] 300001 305000
kappa[12] 305001 310000
kappa[13] 310001 315000
kappa[14] 315001 320000
kappa[15] 320001 325000
kappa[16] 325001 330000
kappa[17] 330001 335000
kappa[18] 335001 340000
kappa[19] 340001 345000
kappa[20] 345001 350000
kappa[21] 350001 355000
kappa[22] 355001 360000
kappa[23] 360001 365000
kappa[24] 365001 370000
kappa[25] 370001 375000
vartheta[1] 375001 380000
vartheta[2] 380001 385000
vartheta[3] 385001 390000
vartheta[4] 390001 395000
vartheta[5] 395001 400000
vartheta[6] 400001 405000
vartheta[7] 405001 410000
vartheta[8] 410001 415000
vartheta[9] 415001 420000
vartheta[10] 420001 425000
vartheta[11] 425001 430000
vartheta[12] 430001 435000
vartheta[13] 435001 440000
vartheta[14] 440001 445000
vartheta[15] 445001 450000
vartheta[16] 450001 455000
vartheta[17] 455001 460000
vartheta[18] 460001 465000
vartheta[19] 465001 470000
vartheta[20] 470001 475000
vartheta[21] 475001 480000
vartheta[22] 480001 485000
vartheta[23] 485001 490000
vartheta[24] 490001 495000
vartheta[25] 495001 500000
eta[1] 500001 505000
eta[2] 505001 510000
eta[3] 510001 515000
eta[4] 515001 520000
eta[5] 520001 525000
eta[6] 525001 530000
eta[7] 530001 535000
eta[8] 535001 540000
eta[9] 540001 545000
eta[10] 545001 550000
eta[11] 550001 555000
eta[12] 555001 560000
eta[13] 560001 565000
eta[14] 565001 570000
eta[15] 570001 575000
eta[16] 575001 580000
eta[17] 580001 585000
eta[18] 585001 590000
eta[19] 590001 595000
eta[20] 595001 600000
eta[21] 600001 605000
eta[22] 605001 610000
eta[23] 610001 615000
eta[24] 615001 620000
eta[25] 620001 625000
w[1] 625001 630000
w[2] 630001 635000
w[3] 635001 640000
w[4] 640001 645000
w[5] 645001 650000
w[6] 650001 655000
w[7] 655001 660000
w[8] 660001 665000
w[9] 665001 670000
w[10] 670001 675000
w[11] 675001 680000
w[12] 680001 685000
w[13] 685001 690000
w[14] 690001 695000
w[15] 695001 700000
w[16] 700001 705000
w[17] 705001 710000
w[18] 710001 715000
w[19] 715001 720000
w[20] 720001 725000
w[21] 725001 730000
w[22] 730001 735000
w[23] 735001 740000
w[24] 740001 745000
w[25] 745001 750000
