gamma[1] 1 2000
gamma[2] 2001 4000
gamma[3] 4001 6000
gamma[4] 6001 8000
gamma[5] 8001 10000
gamma[6] 10001 12000
gamma[7] 12001 14000
gamma[8] 14001 16000
gamma[9] 16001 18000
gamma[10] 18001 20000
gamma[11] 20001 22000
gamma[12] 22001 24000
gamma[13] 24001 26000
gamma[14] 26001 28000
gamma[15] 28001 30000
gamma[16] 30001 32000
gamma[17] 32001 34000
gamma[18] 34001 36000
gamma[19] 36001 38000
gamma[20] 38001 40000
gamma[21] 40001 42000
gamma[22] 42001 44000
gamma[23] 44001 46000
gamma[24] 46001 48000
gamma[25] 48001 50000
tau[1] 50001 52000
tau[2] 52001 54000
tau[3] 54001 56000
tau[4] 56001 58000
tau[5] 58001 60000
tau[6] 60001 62000
tau[7] 62001 64000
tau[8] 64001 66000
tau[9] 66001 68000
tau[10] 68001 70000
tau[11] 70001 72000
tau[12] 72001 74000
tau[13] 74001 76000
tau[14] 76001 78000
tau[15] 78001 80000
tau[16] 80001 82000
tau[17] 82001 84000
tau[18] 84001 86000
tau[19] 86001 88000
tau[20] 88001 90000
tau[21] 90001 92000
tau[22] 92001 94000
tau[23] 94001 96000
tau[24] 96001 98000
tau[25] 98001 100000
kappa[1] 100001 102000
kappa[2] 102001 104000
kappa[3] 104001 106000
kappa[4] 106001 108000
kappa[5] 108001 110000
kappa[6] 110001 112000
kappa[7] 112001 114000
kappa[8] 114001 116000
kappa[9] 116001 118000
kappa[10] 118001 120000
kappa[11] 120001 122000
kappa[12] 122001 124000
kappa[13] 124001 126000
kappa[14] 126001 128000
kappa[15] 128001 130000
kappa[16] 130001 132000
kappa[17] 132001 134000
kappa[18] 134001 136000
kappa[19] 136001 138000
kappa[20] 138001 140000
kappa[21] 140001 142000
kappa[22] 142001 144000
kappa[23] 144001 146000
kappa[24] 146001 148000
kappa[25] 148001 150000
vartheta[1] 150001 152000
vartheta[2] 152001 154000
vartheta[3] 154001 156000
vartheta[4] 156001 158000
vartheta[5] 158001 160000
vartheta[6] 160001 162000
vartheta[7] 162001 164000
vartheta[8] 164001 166000
vartheta[9] 166001 168000
vartheta[10] 168001 170000
vartheta[11] 170001 172000
vartheta[12] 172001 174000
vartheta[13] 174001 176000
vartheta[14] 176001 178000
vartheta[15] 178001 180000
vartheta[16] 180001 182000
vartheta[17] 182001 184000
vartheta[18] 184001 186000
vartheta[19] 186001 188000
vartheta[20] 188001 190000
vartheta[21] 190001 192000
vartheta[22] 192001 194000
vartheta[23] 194001 196000
vartheta[24] 196001 198000
vartheta[25] 198001 200000
eta[1] 200001 202000
eta[2] 202001 204000
eta[3] 204001 206000
eta[4] 206001 208000
eta[5] 208001 210000
eta[6] 210001 212000
eta[7] 212001 214000
eta[8] 214001 216000
eta[9] 216001 218000
eta[10] 218001 220000
eta[11] 220001 222000
eta[12] 222001 224000
eta[13] 224001 226000
eta[14] 226001 228000
eta[15] 228001 230000
eta[16] 230001 232000
eta[17] 232001 234000
eta[18] 234001 236000
eta[19] 236001 238000
eta[20] 238001 240000
eta[21] 240001 242000
eta[22] 242001 244000
eta[23] 244001 246000
eta[24] 246001 248000
eta[25] 248001 250000
w[1] 250001 252000
w[2] 252001 254000
w[3] 254001 256000
w[4] 256001 258000
w[5] 258001 260000
w[6] 260001 262000
w[7] 262001 264000
w[8] 264001 266000
w[9] 266001 268000
w[10] 268001 270000
w[11] 270001 272000
w[12] 272001 274000
w[13] 274001 276000
w[14] 276001 278000
w[15] 278001 280000
w[16] 280001 282000
w[17] 282001 284000
w[18] 284001 286000
w[19] 286001 288000
w[20] 288001 290000
w[21] 290001 292000
w[22] 292001 294000
w[23] 294001 296000
w[24] 296001 298000
w[25] 298001 300000
