kappa[1] 1 5000
kappa[2] 5001 10000
kappa[3] 10001 15000
kappa[4] 15001 20000
kappa[5] 20001 25000
kappa[6] 25001 30000
kappa[7] 30001 35000
kappa[8] 35001 40000
kappa[9] 40001 45000
kappa[10] 45001 50000
kappa[11] 50001 55000
kappa[12] 55001 60000
kappa[13] 60001 65000
kappa[14] 65001 70000
kappa[15] 70001 75000
kappa[16] 75001 80000
kappa[17] 80001 85000
kappa[18] 85001 90000
kappa[19] 90001 95000
kappa[20] 95001 100000
kappa[21] 100001 105000
kappa[22] 105001 110000
kappa[23] 110001 115000
kappa[24] 115001 120000
kappa[25] 120001 125000
w[1] 125001 130000
w[2] 130001 135000
w[3] 135001 140000
w[4] 140001 145000
w[5] 145001 150000
w[6] 150001 155000
w[7] 155001 160000
w[8] 160001 165000
w[9] 165001 170000
w[10] 170001 175000
w[11] 175001 180000
w[12] 180001 185000
w[13] 185001 190000
w[14] 190001 195000
w[15] 195001 200000
w[16] 200001 205000
w[17] 205001 210000
w[18] 210001 215000
w[19] 215001 220000
w[20] 220001 225000
w[21] 225001 230000
w[22] 230001 235000
w[23] 235001 240000
w[24] 240001 245000
w[25] 245001 250000
